47
69
142
184
249
281
287
368
420
468
568
584
614
695
781
857
934
938
958
990
1026
1046
1109
1157
1177
1206
1285
1362
1383
1421
1496
1563
1574
1673
1733
1808
1838
1856
1863
1944
2009
2015
2112
2207
2245
2327
2349
2416
2453
2546
2644
2669
2681
2741
2813
2896
2936
2939
2999
3059
3151
3185
3263
3265
3297
3387
3415
3476
3483
3518
3559
3630
3722
3811
3828
3858
3929
4020
4068
4075
4158
4203
4234
4329
4385
4440
4517
4564
4573
4661
4719
4819
4840
4875
4928
4932
5008
5088
5104
5186
5252
5309
5314
5324
5421
5494
5585
5652
5715
5753
5779
5877
5959
5967
6059
6148
6210
6230
6265
6287
6347
6439
6460
6540
6618
6643
6679
6733
6790
6841
6928
6950
7009
7052
7083
7139
7155
7228
7302
7332
7342
7441
7468
7559
7566
7636
7667
7687
7729
22
95
137
202
234
240
321
373
421
521
537
567
648
734
810
887
891
911
943
979
999
1062
1110
1130
1159
1238
1315
1336
1374
1449
1516
1527
1626
1686
1761
1791
1809
1816
1897
1962
1968
2065
2160
2198
2280
2302
2369
2406
2499
2597
2622
2634
2694
2766
2849
2889
2892
2952
3012
3104
3138
3216
3218
3250
3340
3368
3429
3436
3471
3512
3583
3675
3764
3781
3811
3882
3973
4021
4028
4111
4156
4187
4282
4338
4393
4470
4517
4526
4614
4672
4772
4793
4828
4881
4885
4961
5041
5057
5139
5205
5262
5267
5277
5374
5447
5538
5605
5668
5706
5732
5830
5912
5920
6012
6101
6163
6183
6218
6240
6300
6392
6413
6493
6571
6596
6632
6686
6743
6794
6881
6903
6962
7005
7036
7092
7108
7181
7255
7285
7295
7394
7421
7512
7519
7589
7620
7640
7682
73
115
180
212
218
299
351
399
499
515
545
626
712
788
865
869
889
921
957
977
1040
1088
1108
1137
1216
1293
1314
1352
1427
1494
1505
1604
1664
1739
1769
1787
1794
1875
1940
1946
2043
2138
2176
2258
2280
2347
2384
2477
2575
2600
2612
2672
2744
2827
2867
2870
2930
2990
3082
3116
3194
3196
3228
3318
3346
3407
3414
3449
3490
3561
3653
3742
3759
3789
3860
3951
3999
4006
4089
4134
4165
4260
4316
4371
4448
4495
4504
4592
4650
4750
4771
4806
4859
4863
4939
5019
5035
5117
5183
5240
5245
5255
5352
5425
5516
5583
5646
5684
5710
5808
5890
5898
5990
6079
6141
6161
6196
6218
6278
6370
6391
6471
6549
6574
6610
6664
6721
6772
6859
6881
6940
6983
7014
7070
7086
7159
7233
7263
7273
7372
7399
7490
7497
7567
7598
7618
7660
42
107
139
145
226
278
326
426
442
472
553
639
715
792
796
816
848
884
904
967
1015
1035
1064
1143
1220
1241
1279
1354
1421
1432
1531
1591
1666
1696
1714
1721
1802
1867
1873
1970
2065
2103
2185
2207
2274
2311
2404
2502
2527
2539
2599
2671
2754
2794
2797
2857
2917
3009
3043
3121
3123
3155
3245
3273
3334
3341
3376
3417
3488
3580
3669
3686
3716
3787
3878
3926
3933
4016
4061
4092
4187
4243
4298
4375
4422
4431
4519
4577
4677
4698
4733
4786
4790
4866
4946
4962
5044
5110
5167
5172
5182
5279
5352
5443
5510
5573
5611
5637
5735
5817
5825
5917
6006
6068
6088
6123
6145
6205
6297
6318
6398
6476
6501
6537
6591
6648
6699
6786
6808
6867
6910
6941
6997
7013
7086
7160
7190
7200
7299
7326
7417
7424
7494
7525
7545
7587
65
97
103
184
236
284
384
400
430
511
597
673
750
754
774
806
842
862
925
973
993
1022
1101
1178
1199
1237
1312
1379
1390
1489
1549
1624
1654
1672
1679
1760
1825
1831
1928
2023
2061
2143
2165
2232
2269
2362
2460
2485
2497
2557
2629
2712
2752
2755
2815
2875
2967
3001
3079
3081
3113
3203
3231
3292
3299
3334
3375
3446
3538
3627
3644
3674
3745
3836
3884
3891
3974
4019
4050
4145
4201
4256
4333
4380
4389
4477
4535
4635
4656
4691
4744
4748
4824
4904
4920
5002
5068
5125
5130
5140
5237
5310
5401
5468
5531
5569
5595
5693
5775
5783
5875
5964
6026
6046
6081
6103
6163
6255
6276
6356
6434
6459
6495
6549
6606
6657
6744
6766
6825
6868
6899
6955
6971
7044
7118
7148
7158
7257
7284
7375
7382
7452
7483
7503
7545
32
38
119
171
219
319
335
365
446
532
608
685
689
709
741
777
797
860
908
928
957
1036
1113
1134
1172
1247
1314
1325
1424
1484
1559
1589
1607
1614
1695
1760
1766
1863
1958
1996
2078
2100
2167
2204
2297
2395
2420
2432
2492
2564
2647
2687
2690
2750
2810
2902
2936
3014
3016
3048
3138
3166
3227
3234
3269
3310
3381
3473
3562
3579
3609
3680
3771
3819
3826
3909
3954
3985
4080
4136
4191
4268
4315
4324
4412
4470
4570
4591
4626
4679
4683
4759
4839
4855
4937
5003
5060
5065
5075
5172
5245
5336
5403
5466
5504
5530
5628
5710
5718
5810
5899
5961
5981
6016
6038
6098
6190
6211
6291
6369
6394
6430
6484
6541
6592
6679
6701
6760
6803
6834
6890
6906
6979
7053
7083
7093
7192
7219
7310
7317
7387
7418
7438
7480
6
87
139
187
287
303
333
414
500
576
653
657
677
709
745
765
828
876
896
925
1004
1081
1102
1140
1215
1282
1293
1392
1452
1527
1557
1575
1582
1663
1728
1734
1831
1926
1964
2046
2068
2135
2172
2265
2363
2388
2400
2460
2532
2615
2655
2658
2718
2778
2870
2904
2982
2984
3016
3106
3134
3195
3202
3237
3278
3349
3441
3530
3547
3577
3648
3739
3787
3794
3877
3922
3953
4048
4104
4159
4236
4283
4292
4380
4438
4538
4559
4594
4647
4651
4727
4807
4823
4905
4971
5028
5033
5043
5140
5213
5304
5371
5434
5472
5498
5596
5678
5686
5778
5867
5929
5949
5984
6006
6066
6158
6179
6259
6337
6362
6398
6452
6509
6560
6647
6669
6728
6771
6802
6858
6874
6947
7021
7051
7061
7160
7187
7278
7285
7355
7386
7406
7448
81
133
181
281
297
327
408
494
570
647
651
671
703
739
759
822
870
890
919
998
1075
1096
1134
1209
1276
1287
1386
1446
1521
1551
1569
1576
1657
1722
1728
1825
1920
1958
2040
2062
2129
2166
2259
2357
2382
2394
2454
2526
2609
2649
2652
2712
2772
2864
2898
2976
2978
3010
3100
3128
3189
3196
3231
3272
3343
3435
3524
3541
3571
3642
3733
3781
3788
3871
3916
3947
4042
4098
4153
4230
4277
4286
4374
4432
4532
4553
4588
4641
4645
4721
4801
4817
4899
4965
5022
5027
5037
5134
5207
5298
5365
5428
5466
5492
5590
5672
5680
5772
5861
5923
5943
5978
6000
6060
6152
6173
6253
6331
6356
6392
6446
6503
6554
6641
6663
6722
6765
6796
6852
6868
6941
7015
7045
7055
7154
7181
7272
7279
7349
7380
7400
7442
52
100
200
216
246
327
413
489
566
570
590
622
658
678
741
789
809
838
917
994
1015
1053
1128
1195
1206
1305
1365
1440
1470
1488
1495
1576
1641
1647
1744
1839
1877
1959
1981
2048
2085
2178
2276
2301
2313
2373
2445
2528
2568
2571
2631
2691
2783
2817
2895
2897
2929
3019
3047
3108
3115
3150
3191
3262
3354
3443
3460
3490
3561
3652
3700
3707
3790
3835
3866
3961
4017
4072
4149
4196
4205
4293
4351
4451
4472
4507
4560
4564
4640
4720
4736
4818
4884
4941
4946
4956
5053
5126
5217
5284
5347
5385
5411
5509
5591
5599
5691
5780
5842
5862
5897
5919
5979
6071
6092
6172
6250
6275
6311
6365
6422
6473
6560
6582
6641
6684
6715
6771
6787
6860
6934
6964
6974
7073
7100
7191
7198
7268
7299
7319
7361
48
148
164
194
275
361
437
514
518
538
570
606
626
689
737
757
786
865
942
963
1001
1076
1143
1154
1253
1313
1388
1418
1436
1443
1524
1589
1595
1692
1787
1825
1907
1929
1996
2033
2126
2224
2249
2261
2321
2393
2476
2516
2519
2579
2639
2731
2765
2843
2845
2877
2967
2995
3056
3063
3098
3139
3210
3302
3391
3408
3438
3509
3600
3648
3655
3738
3783
3814
3909
3965
4020
4097
4144
4153
4241
4299
4399
4420
4455
4508
4512
4588
4668
4684
4766
4832
4889
4894
4904
5001
5074
5165
5232
5295
5333
5359
5457
5539
5547
5639
5728
5790
5810
5845
5867
5927
6019
6040
6120
6198
6223
6259
6313
6370
6421
6508
6530
6589
6632
6663
6719
6735
6808
6882
6912
6922
7021
7048
7139
7146
7216
7247
7267
7309
100
116
146
227
313
389
466
470
490
522
558
578
641
689
709
738
817
894
915
953
1028
1095
1106
1205
1265
1340
1370
1388
1395
1476
1541
1547
1644
1739
1777
1859
1881
1948
1985
2078
2176
2201
2213
2273
2345
2428
2468
2471
2531
2591
2683
2717
2795
2797
2829
2919
2947
3008
3015
3050
3091
3162
3254
3343
3360
3390
3461
3552
3600
3607
3690
3735
3766
3861
3917
3972
4049
4096
4105
4193
4251
4351
4372
4407
4460
4464
4540
4620
4636
4718
4784
4841
4846
4856
4953
5026
5117
5184
5247
5285
5311
5409
5491
5499
5591
5680
5742
5762
5797
5819
5879
5971
5992
6072
6150
6175
6211
6265
6322
6373
6460
6482
6541
6584
6615
6671
6687
6760
6834
6864
6874
6973
7000
7091
7098
7168
7199
7219
7261
16
46
127
213
289
366
370
390
422
458
478
541
589
609
638
717
794
815
853
928
995
1006
1105
1165
1240
1270
1288
1295
1376
1441
1447
1544
1639
1677
1759
1781
1848
1885
1978
2076
2101
2113
2173
2245
2328
2368
2371
2431
2491
2583
2617
2695
2697
2729
2819
2847
2908
2915
2950
2991
3062
3154
3243
3260
3290
3361
3452
3500
3507
3590
3635
3666
3761
3817
3872
3949
3996
4005
4093
4151
4251
4272
4307
4360
4364
4440
4520
4536
4618
4684
4741
4746
4756
4853
4926
5017
5084
5147
5185
5211
5309
5391
5399
5491
5580
5642
5662
5697
5719
5779
5871
5892
5972
6050
6075
6111
6165
6222
6273
6360
6382
6441
6484
6515
6571
6587
6660
6734
6764
6774
6873
6900
6991
6998
7068
7099
7119
7161
30
111
197
273
350
354
374
406
442
462
525
573
593
622
701
778
799
837
912
979
990
1089
1149
1224
1254
1272
1279
1360
1425
1431
1528
1623
1661
1743
1765
1832
1869
1962
2060
2085
2097
2157
2229
2312
2352
2355
2415
2475
2567
2601
2679
2681
2713
2803
2831
2892
2899
2934
2975
3046
3138
3227
3244
3274
3345
3436
3484
3491
3574
3619
3650
3745
3801
3856
3933
3980
3989
4077
4135
4235
4256
4291
4344
4348
4424
4504
4520
4602
4668
4725
4730
4740
4837
4910
5001
5068
5131
5169
5195
5293
5375
5383
5475
5564
5626
5646
5681
5703
5763
5855
5876
5956
6034
6059
6095
6149
6206
6257
6344
6366
6425
6468
6499
6555
6571
6644
6718
6748
6758
6857
6884
6975
6982
7052
7083
7103
7145
81
167
243
320
324
344
376
412
432
495
543
563
592
671
748
769
807
882
949
960
1059
1119
1194
1224
1242
1249
1330
1395
1401
1498
1593
1631
1713
1735
1802
1839
1932
2030
2055
2067
2127
2199
2282
2322
2325
2385
2445
2537
2571
2649
2651
2683
2773
2801
2862
2869
2904
2945
3016
3108
3197
3214
3244
3315
3406
3454
3461
3544
3589
3620
3715
3771
3826
3903
3950
3959
4047
4105
4205
4226
4261
4314
4318
4394
4474
4490
4572
4638
4695
4700
4710
4807
4880
4971
5038
5101
5139
5165
5263
5345
5353
5445
5534
5596
5616
5651
5673
5733
5825
5846
5926
6004
6029
6065
6119
6176
6227
6314
6336
6395
6438
6469
6525
6541
6614
6688
6718
6728
6827
6854
6945
6952
7022
7053
7073
7115
86
162
239
243
263
295
331
351
414
462
482
511
590
667
688
726
801
868
879
978
1038
1113
1143
1161
1168
1249
1314
1320
1417
1512
1550
1632
1654
1721
1758
1851
1949
1974
1986
2046
2118
2201
2241
2244
2304
2364
2456
2490
2568
2570
2602
2692
2720
2781
2788
2823
2864
2935
3027
3116
3133
3163
3234
3325
3373
3380
3463
3508
3539
3634
3690
3745
3822
3869
3878
3966
4024
4124
4145
4180
4233
4237
4313
4393
4409
4491
4557
4614
4619
4629
4726
4799
4890
4957
5020
5058
5084
5182
5264
5272
5364
5453
5515
5535
5570
5592
5652
5744
5765
5845
5923
5948
5984
6038
6095
6146
6233
6255
6314
6357
6388
6444
6460
6533
6607
6637
6647
6746
6773
6864
6871
6941
6972
6992
7034
76
153
157
177
209
245
265
328
376
396
425
504
581
602
640
715
782
793
892
952
1027
1057
1075
1082
1163
1228
1234
1331
1426
1464
1546
1568
1635
1672
1765
1863
1888
1900
1960
2032
2115
2155
2158
2218
2278
2370
2404
2482
2484
2516
2606
2634
2695
2702
2737
2778
2849
2941
3030
3047
3077
3148
3239
3287
3294
3377
3422
3453
3548
3604
3659
3736
3783
3792
3880
3938
4038
4059
4094
4147
4151
4227
4307
4323
4405
4471
4528
4533
4543
4640
4713
4804
4871
4934
4972
4998
5096
5178
5186
5278
5367
5429
5449
5484
5506
5566
5658
5679
5759
5837
5862
5898
5952
6009
6060
6147
6169
6228
6271
6302
6358
6374
6447
6521
6551
6561
6660
6687
6778
6785
6855
6886
6906
6948
77
81
101
133
169
189
252
300
320
349
428
505
526
564
639
706
717
816
876
951
981
999
1006
1087
1152
1158
1255
1350
1388
1470
1492
1559
1596
1689
1787
1812
1824
1884
1956
2039
2079
2082
2142
2202
2294
2328
2406
2408
2440
2530
2558
2619
2626
2661
2702
2773
2865
2954
2971
3001
3072
3163
3211
3218
3301
3346
3377
3472
3528
3583
3660
3707
3716
3804
3862
3962
3983
4018
4071
4075
4151
4231
4247
4329
4395
4452
4457
4467
4564
4637
4728
4795
4858
4896
4922
5020
5102
5110
5202
5291
5353
5373
5408
5430
5490
5582
5603
5683
5761
5786
5822
5876
5933
5984
6071
6093
6152
6195
6226
6282
6298
6371
6445
6475
6485
6584
6611
6702
6709
6779
6810
6830
6872
4
24
56
92
112
175
223
243
272
351
428
449
487
562
629
640
739
799
874
904
922
929
1010
1075
1081
1178
1273
1311
1393
1415
1482
1519
1612
1710
1735
1747
1807
1879
1962
2002
2005
2065
2125
2217
2251
2329
2331
2363
2453
2481
2542
2549
2584
2625
2696
2788
2877
2894
2924
2995
3086
3134
3141
3224
3269
3300
3395
3451
3506
3583
3630
3639
3727
3785
3885
3906
3941
3994
3998
4074
4154
4170
4252
4318
4375
4380
4390
4487
4560
4651
4718
4781
4819
4845
4943
5025
5033
5125
5214
5276
5296
5331
5353
5413
5505
5526
5606
5684
5709
5745
5799
5856
5907
5994
6016
6075
6118
6149
6205
6221
6294
6368
6398
6408
6507
6534
6625
6632
6702
6733
6753
6795
20
52
88
108
171
219
239
268
347
424
445
483
558
625
636
735
795
870
900
918
925
1006
1071
1077
1174
1269
1307
1389
1411
1478
1515
1608
1706
1731
1743
1803
1875
1958
1998
2001
2061
2121
2213
2247
2325
2327
2359
2449
2477
2538
2545
2580
2621
2692
2784
2873
2890
2920
2991
3082
3130
3137
3220
3265
3296
3391
3447
3502
3579
3626
3635
3723
3781
3881
3902
3937
3990
3994
4070
4150
4166
4248
4314
4371
4376
4386
4483
4556
4647
4714
4777
4815
4841
4939
5021
5029
5121
5210
5272
5292
5327
5349
5409
5501
5522
5602
5680
5705
5741
5795
5852
5903
5990
6012
6071
6114
6145
6201
6217
6290
6364
6394
6404
6503
6530
6621
6628
6698
6729
6749
6791
32
68
88
151
199
219
248
327
404
425
463
538
605
616
715
775
850
880
898
905
986
1051
1057
1154
1249
1287
1369
1391
1458
1495
1588
1686
1711
1723
1783
1855
1938
1978
1981
2041
2101
2193
2227
2305
2307
2339
2429
2457
2518
2525
2560
2601
2672
2764
2853
2870
2900
2971
3062
3110
3117
3200
3245
3276
3371
3427
3482
3559
3606
3615
3703
3761
3861
3882
3917
3970
3974
4050
4130
4146
4228
4294
4351
4356
4366
4463
4536
4627
4694
4757
4795
4821
4919
5001
5009
5101
5190
5252
5272
5307
5329
5389
5481
5502
5582
5660
5685
5721
5775
5832
5883
5970
5992
6051
6094
6125
6181
6197
6270
6344
6374
6384
6483
6510
6601
6608
6678
6709
6729
6771
36
56
119
167
187
216
295
372
393
431
506
573
584
683
743
818
848
866
873
954
1019
1025
1122
1217
1255
1337
1359
1426
1463
1556
1654
1679
1691
1751
1823
1906
1946
1949
2009
2069
2161
2195
2273
2275
2307
2397
2425
2486
2493
2528
2569
2640
2732
2821
2838
2868
2939
3030
3078
3085
3168
3213
3244
3339
3395
3450
3527
3574
3583
3671
3729
3829
3850
3885
3938
3942
4018
4098
4114
4196
4262
4319
4324
4334
4431
4504
4595
4662
4725
4763
4789
4887
4969
4977
5069
5158
5220
5240
5275
5297
5357
5449
5470
5550
5628
5653
5689
5743
5800
5851
5938
5960
6019
6062
6093
6149
6165
6238
6312
6342
6352
6451
6478
6569
6576
6646
6677
6697
6739
20
83
131
151
180
259
336
357
395
470
537
548
647
707
782
812
830
837
918
983
989
1086
1181
1219
1301
1323
1390
1427
1520
1618
1643
1655
1715
1787
1870
1910
1913
1973
2033
2125
2159
2237
2239
2271
2361
2389
2450
2457
2492
2533
2604
2696
2785
2802
2832
2903
2994
3042
3049
3132
3177
3208
3303
3359
3414
3491
3538
3547
3635
3693
3793
3814
3849
3902
3906
3982
4062
4078
4160
4226
4283
4288
4298
4395
4468
4559
4626
4689
4727
4753
4851
4933
4941
5033
5122
5184
5204
5239
5261
5321
5413
5434
5514
5592
5617
5653
5707
5764
5815
5902
5924
5983
6026
6057
6113
6129
6202
6276
6306
6316
6415
6442
6533
6540
6610
6641
6661
6703
63
111
131
160
239
316
337
375
450
517
528
627
687
762
792
810
817
898
963
969
1066
1161
1199
1281
1303
1370
1407
1500
1598
1623
1635
1695
1767
1850
1890
1893
1953
2013
2105
2139
2217
2219
2251
2341
2369
2430
2437
2472
2513
2584
2676
2765
2782
2812
2883
2974
3022
3029
3112
3157
3188
3283
3339
3394
3471
3518
3527
3615
3673
3773
3794
3829
3882
3886
3962
4042
4058
4140
4206
4263
4268
4278
4375
4448
4539
4606
4669
4707
4733
4831
4913
4921
5013
5102
5164
5184
5219
5241
5301
5393
5414
5494
5572
5597
5633
5687
5744
5795
5882
5904
5963
6006
6037
6093
6109
6182
6256
6286
6296
6395
6422
6513
6520
6590
6621
6641
6683
48
68
97
176
253
274
312
387
454
465
564
624
699
729
747
754
835
900
906
1003
1098
1136
1218
1240
1307
1344
1437
1535
1560
1572
1632
1704
1787
1827
1830
1890
1950
2042
2076
2154
2156
2188
2278
2306
2367
2374
2409
2450
2521
2613
2702
2719
2749
2820
2911
2959
2966
3049
3094
3125
3220
3276
3331
3408
3455
3464
3552
3610
3710
3731
3766
3819
3823
3899
3979
3995
4077
4143
4200
4205
4215
4312
4385
4476
4543
4606
4644
4670
4768
4850
4858
4950
5039
5101
5121
5156
5178
5238
5330
5351
5431
5509
5534
5570
5624
5681
5732
5819
5841
5900
5943
5974
6030
6046
6119
6193
6223
6233
6332
6359
6450
6457
6527
6558
6578
6620
20
49
128
205
226
264
339
406
417
516
576
651
681
699
706
787
852
858
955
1050
1088
1170
1192
1259
1296
1389
1487
1512
1524
1584
1656
1739
1779
1782
1842
1902
1994
2028
2106
2108
2140
2230
2258
2319
2326
2361
2402
2473
2565
2654
2671
2701
2772
2863
2911
2918
3001
3046
3077
3172
3228
3283
3360
3407
3416
3504
3562
3662
3683
3718
3771
3775
3851
3931
3947
4029
4095
4152
4157
4167
4264
4337
4428
4495
4558
4596
4622
4720
4802
4810
4902
4991
5053
5073
5108
5130
5190
5282
5303
5383
5461
5486
5522
5576
5633
5684
5771
5793
5852
5895
5926
5982
5998
6071
6145
6175
6185
6284
6311
6402
6409
6479
6510
6530
6572
29
108
185
206
244
319
386
397
496
556
631
661
679
686
767
832
838
935
1030
1068
1150
1172
1239
1276
1369
1467
1492
1504
1564
1636
1719
1759
1762
1822
1882
1974
2008
2086
2088
2120
2210
2238
2299
2306
2341
2382
2453
2545
2634
2651
2681
2752
2843
2891
2898
2981
3026
3057
3152
3208
3263
3340
3387
3396
3484
3542
3642
3663
3698
3751
3755
3831
3911
3927
4009
4075
4132
4137
4147
4244
4317
4408
4475
4538
4576
4602
4700
4782
4790
4882
4971
5033
5053
5088
5110
5170
5262
5283
5363
5441
5466
5502
5556
5613
5664
5751
5773
5832
5875
5906
5962
5978
6051
6125
6155
6165
6264
6291
6382
6389
6459
6490
6510
6552
79
156
177
215
290
357
368
467
527
602
632
650
657
738
803
809
906
1001
1039
1121
1143
1210
1247
1340
1438
1463
1475
1535
1607
1690
1730
1733
1793
1853
1945
1979
2057
2059
2091
2181
2209
2270
2277
2312
2353
2424
2516
2605
2622
2652
2723
2814
2862
2869
2952
2997
3028
3123
3179
3234
3311
3358
3367
3455
3513
3613
3634
3669
3722
3726
3802
3882
3898
3980
4046
4103
4108
4118
4215
4288
4379
4446
4509
4547
4573
4671
4753
4761
4853
4942
5004
5024
5059
5081
5141
5233
5254
5334
5412
5437
5473
5527
5584
5635
5722
5744
5803
5846
5877
5933
5949
6022
6096
6126
6136
6235
6262
6353
6360
6430
6461
6481
6523
77
98
136
211
278
289
388
448
523
553
571
578
659
724
730
827
922
960
1042
1064
1131
1168
1261
1359
1384
1396
1456
1528
1611
1651
1654
1714
1774
1866
1900
1978
1980
2012
2102
2130
2191
2198
2233
2274
2345
2437
2526
2543
2573
2644
2735
2783
2790
2873
2918
2949
3044
3100
3155
3232
3279
3288
3376
3434
3534
3555
3590
3643
3647
3723
3803
3819
3901
3967
4024
4029
4039
4136
4209
4300
4367
4430
4468
4494
4592
4674
4682
4774
4863
4925
4945
4980
5002
5062
5154
5175
5255
5333
5358
5394
5448
5505
5556
5643
5665
5724
5767
5798
5854
5870
5943
6017
6047
6057
6156
6183
6274
6281
6351
6382
6402
6444
21
59
134
201
212
311
371
446
476
494
501
582
647
653
750
845
883
965
987
1054
1091
1184
1282
1307
1319
1379
1451
1534
1574
1577
1637
1697
1789
1823
1901
1903
1935
2025
2053
2114
2121
2156
2197
2268
2360
2449
2466
2496
2567
2658
2706
2713
2796
2841
2872
2967
3023
3078
3155
3202
3211
3299
3357
3457
3478
3513
3566
3570
3646
3726
3742
3824
3890
3947
3952
3962
4059
4132
4223
4290
4353
4391
4417
4515
4597
4605
4697
4786
4848
4868
4903
4925
4985
5077
5098
5178
5256
5281
5317
5371
5428
5479
5566
5588
5647
5690
5721
5777
5793
5866
5940
5970
5980
6079
6106
6197
6204
6274
6305
6325
6367
38
113
180
191
290
350
425
455
473
480
561
626
632
729
824
862
944
966
1033
1070
1163
1261
1286
1298
1358
1430
1513
1553
1556
1616
1676
1768
1802
1880
1882
1914
2004
2032
2093
2100
2135
2176
2247
2339
2428
2445
2475
2546
2637
2685
2692
2775
2820
2851
2946
3002
3057
3134
3181
3190
3278
3336
3436
3457
3492
3545
3549
3625
3705
3721
3803
3869
3926
3931
3941
4038
4111
4202
4269
4332
4370
4396
4494
4576
4584
4676
4765
4827
4847
4882
4904
4964
5056
5077
5157
5235
5260
5296
5350
5407
5458
5545
5567
5626
5669
5700
5756
5772
5845
5919
5949
5959
6058
6085
6176
6183
6253
6284
6304
6346
75
142
153
252
312
387
417
435
442
523
588
594
691
786
824
906
928
995
1032
1125
1223
1248
1260
1320
1392
1475
1515
1518
1578
1638
1730
1764
1842
1844
1876
1966
1994
2055
2062
2097
2138
2209
2301
2390
2407
2437
2508
2599
2647
2654
2737
2782
2813
2908
2964
3019
3096
3143
3152
3240
3298
3398
3419
3454
3507
3511
3587
3667
3683
3765
3831
3888
3893
3903
4000
4073
4164
4231
4294
4332
4358
4456
4538
4546
4638
4727
4789
4809
4844
4866
4926
5018
5039
5119
5197
5222
5258
5312
5369
5420
5507
5529
5588
5631
5662
5718
5734
5807
5881
5911
5921
6020
6047
6138
6145
6215
6246
6266
6308
67
78
177
237
312
342
360
367
448
513
519
616
711
749
831
853
920
957
1050
1148
1173
1185
1245
1317
1400
1440
1443
1503
1563
1655
1689
1767
1769
1801
1891
1919
1980
1987
2022
2063
2134
2226
2315
2332
2362
2433
2524
2572
2579
2662
2707
2738
2833
2889
2944
3021
3068
3077
3165
3223
3323
3344
3379
3432
3436
3512
3592
3608
3690
3756
3813
3818
3828
3925
3998
4089
4156
4219
4257
4283
4381
4463
4471
4563
4652
4714
4734
4769
4791
4851
4943
4964
5044
5122
5147
5183
5237
5294
5345
5432
5454
5513
5556
5587
5643
5659
5732
5806
5836
5846
5945
5972
6063
6070
6140
6171
6191
6233
11
110
170
245
275
293
300
381
446
452
549
644
682
764
786
853
890
983
1081
1106
1118
1178
1250
1333
1373
1376
1436
1496
1588
1622
1700
1702
1734
1824
1852
1913
1920
1955
1996
2067
2159
2248
2265
2295
2366
2457
2505
2512
2595
2640
2671
2766
2822
2877
2954
3001
3010
3098
3156
3256
3277
3312
3365
3369
3445
3525
3541
3623
3689
3746
3751
3761
3858
3931
4022
4089
4152
4190
4216
4314
4396
4404
4496
4585
4647
4667
4702
4724
4784
4876
4897
4977
5055
5080
5116
5170
5227
5278
5365
5387
5446
5489
5520
5576
5592
5665
5739
5769
5779
5878
5905
5996
6003
6073
6104
6124
6166
99
159
234
264
282
289
370
435
441
538
633
671
753
775
842
879
972
1070
1095
1107
1167
1239
1322
1362
1365
1425
1485
1577
1611
1689
1691
1723
1813
1841
1902
1909
1944
1985
2056
2148
2237
2254
2284
2355
2446
2494
2501
2584
2629
2660
2755
2811
2866
2943
2990
2999
3087
3145
3245
3266
3301
3354
3358
3434
3514
3530
3612
3678
3735
3740
3750
3847
3920
4011
4078
4141
4179
4205
4303
4385
4393
4485
4574
4636
4656
4691
4713
4773
4865
4886
4966
5044
5069
5105
5159
5216
5267
5354
5376
5435
5478
5509
5565
5581
5654
5728
5758
5768
5867
5894
5985
5992
6062
6093
6113
6155
60
135
165
183
190
271
336
342
439
534
572
654
676
743
780
873
971
996
1008
1068
1140
1223
1263
1266
1326
1386
1478
1512
1590
1592
1624
1714
1742
1803
1810
1845
1886
1957
2049
2138
2155
2185
2256
2347
2395
2402
2485
2530
2561
2656
2712
2767
2844
2891
2900
2988
3046
3146
3167
3202
3255
3259
3335
3415
3431
3513
3579
3636
3641
3651
3748
3821
3912
3979
4042
4080
4106
4204
4286
4294
4386
4475
4537
4557
4592
4614
4674
4766
4787
4867
4945
4970
5006
5060
5117
5168
5255
5277
5336
5379
5410
5466
5482
5555
5629
5659
5669
5768
5795
5886
5893
5963
5994
6014
6056
75
105
123
130
211
276
282
379
474
512
594
616
683
720
813
911
936
948
1008
1080
1163
1203
1206
1266
1326
1418
1452
1530
1532
1564
1654
1682
1743
1750
1785
1826
1897
1989
2078
2095
2125
2196
2287
2335
2342
2425
2470
2501
2596
2652
2707
2784
2831
2840
2928
2986
3086
3107
3142
3195
3199
3275
3355
3371
3453
3519
3576
3581
3591
3688
3761
3852
3919
3982
4020
4046
4144
4226
4234
4326
4415
4477
4497
4532
4554
4614
4706
4727
4807
4885
4910
4946
5000
5057
5108
5195
5217
5276
5319
5350
5406
5422
5495
5569
5599
5609
5708
5735
5826
5833
5903
5934
5954
5996
30
48
55
136
201
207
304
399
437
519
541
608
645
738
836
861
873
933
1005
1088
1128
1131
1191
1251
1343
1377
1455
1457
1489
1579
1607
1668
1675
1710
1751
1822
1914
2003
2020
2050
2121
2212
2260
2267
2350
2395
2426
2521
2577
2632
2709
2756
2765
2853
2911
3011
3032
3067
3120
3124
3200
3280
3296
3378
3444
3501
3506
3516
3613
3686
3777
3844
3907
3945
3971
4069
4151
4159
4251
4340
4402
4422
4457
4479
4539
4631
4652
4732
4810
4835
4871
4925
4982
5033
5120
5142
5201
5244
5275
5331
5347
5420
5494
5524
5534
5633
5660
5751
5758
5828
5859
5879
5921
18
25
106
171
177
274
369
407
489
511
578
615
708
806
831
843
903
975
1058
1098
1101
1161
1221
1313
1347
1425
1427
1459
1549
1577
1638
1645
1680
1721
1792
1884
1973
1990
2020
2091
2182
2230
2237
2320
2365
2396
2491
2547
2602
2679
2726
2735
2823
2881
2981
3002
3037
3090
3094
3170
3250
3266
3348
3414
3471
3476
3486
3583
3656
3747
3814
3877
3915
3941
4039
4121
4129
4221
4310
4372
4392
4427
4449
4509
4601
4622
4702
4780
4805
4841
4895
4952
5003
5090
5112
5171
5214
5245
5301
5317
5390
5464
5494
5504
5603
5630
5721
5728
5798
5829
5849
5891
7
88
153
159
256
351
389
471
493
560
597
690
788
813
825
885
957
1040
1080
1083
1143
1203
1295
1329
1407
1409
1441
1531
1559
1620
1627
1662
1703
1774
1866
1955
1972
2002
2073
2164
2212
2219
2302
2347
2378
2473
2529
2584
2661
2708
2717
2805
2863
2963
2984
3019
3072
3076
3152
3232
3248
3330
3396
3453
3458
3468
3565
3638
3729
3796
3859
3897
3923
4021
4103
4111
4203
4292
4354
4374
4409
4431
4491
4583
4604
4684
4762
4787
4823
4877
4934
4985
5072
5094
5153
5196
5227
5283
5299
5372
5446
5476
5486
5585
5612
5703
5710
5780
5811
5831
5873
81
146
152
249
344
382
464
486
553
590
683
781
806
818
878
950
1033
1073
1076
1136
1196
1288
1322
1400
1402
1434
1524
1552
1613
1620
1655
1696
1767
1859
1948
1965
1995
2066
2157
2205
2212
2295
2340
2371
2466
2522
2577
2654
2701
2710
2798
2856
2956
2977
3012
3065
3069
3145
3225
3241
3323
3389
3446
3451
3461
3558
3631
3722
3789
3852
3890
3916
4014
4096
4104
4196
4285
4347
4367
4402
4424
4484
4576
4597
4677
4755
4780
4816
4870
4927
4978
5065
5087
5146
5189
5220
5276
5292
5365
5439
5469
5479
5578
5605
5696
5703
5773
5804
5824
5866
65
71
168
263
301
383
405
472
509
602
700
725
737
797
869
952
992
995
1055
1115
1207
1241
1319
1321
1353
1443
1471
1532
1539
1574
1615
1686
1778
1867
1884
1914
1985
2076
2124
2131
2214
2259
2290
2385
2441
2496
2573
2620
2629
2717
2775
2875
2896
2931
2984
2988
3064
3144
3160
3242
3308
3365
3370
3380
3477
3550
3641
3708
3771
3809
3835
3933
4015
4023
4115
4204
4266
4286
4321
4343
4403
4495
4516
4596
4674
4699
4735
4789
4846
4897
4984
5006
5065
5108
5139
5195
5211
5284
5358
5388
5398
5497
5524
5615
5622
5692
5723
5743
5785
6
103
198
236
318
340
407
444
537
635
660
672
732
804
887
927
930
990
1050
1142
1176
1254
1256
1288
1378
1406
1467
1474
1509
1550
1621
1713
1802
1819
1849
1920
2011
2059
2066
2149
2194
2225
2320
2376
2431
2508
2555
2564
2652
2710
2810
2831
2866
2919
2923
2999
3079
3095
3177
3243
3300
3305
3315
3412
3485
3576
3643
3706
3744
3770
3868
3950
3958
4050
4139
4201
4221
4256
4278
4338
4430
4451
4531
4609
4634
4670
4724
4781
4832
4919
4941
5000
5043
5074
5130
5146
5219
5293
5323
5333
5432
5459
5550
5557
5627
5658
5678
5720
97
192
230
312
334
401
438
531
629
654
666
726
798
881
921
924
984
1044
1136
1170
1248
1250
1282
1372
1400
1461
1468
1503
1544
1615
1707
1796
1813
1843
1914
2005
2053
2060
2143
2188
2219
2314
2370
2425
2502
2549
2558
2646
2704
2804
2825
2860
2913
2917
2993
3073
3089
3171
3237
3294
3299
3309
3406
3479
3570
3637
3700
3738
3764
3862
3944
3952
4044
4133
4195
4215
4250
4272
4332
4424
4445
4525
4603
4628
4664
4718
4775
4826
4913
4935
4994
5037
5068
5124
5140
5213
5287
5317
5327
5426
5453
5544
5551
5621
5652
5672
5714
95
133
215
237
304
341
434
532
557
569
629
701
784
824
827
887
947
1039
1073
1151
1153
1185
1275
1303
1364
1371
1406
1447
1518
1610
1699
1716
1746
1817
1908
1956
1963
2046
2091
2122
2217
2273
2328
2405
2452
2461
2549
2607
2707
2728
2763
2816
2820
2896
2976
2992
3074
3140
3197
3202
3212
3309
3382
3473
3540
3603
3641
3667
3765
3847
3855
3947
4036
4098
4118
4153
4175
4235
4327
4348
4428
4506
4531
4567
4621
4678
4729
4816
4838
4897
4940
4971
5027
5043
5116
5190
5220
5230
5329
5356
5447
5454
5524
5555
5575
5617
38
120
142
209
246
339
437
462
474
534
606
689
729
732
792
852
944
978
1056
1058
1090
1180
1208
1269
1276
1311
1352
1423
1515
1604
1621
1651
1722
1813
1861
1868
1951
1996
2027
2122
2178
2233
2310
2357
2366
2454
2512
2612
2633
2668
2721
2725
2801
2881
2897
2979
3045
3102
3107
3117
3214
3287
3378
3445
3508
3546
3572
3670
3752
3760
3852
3941
4003
4023
4058
4080
4140
4232
4253
4333
4411
4436
4472
4526
4583
4634
4721
4743
4802
4845
4876
4932
4948
5021
5095
5125
5135
5234
5261
5352
5359
5429
5460
5480
5522
82
104
171
208
301
399
424
436
496
568
651
691
694
754
814
906
940
1018
1020
1052
1142
1170
1231
1238
1273
1314
1385
1477
1566
1583
1613
1684
1775
1823
1830
1913
1958
1989
2084
2140
2195
2272
2319
2328
2416
2474
2574
2595
2630
2683
2687
2763
2843
2859
2941
3007
3064
3069
3079
3176
3249
3340
3407
3470
3508
3534
3632
3714
3722
3814
3903
3965
3985
4020
4042
4102
4194
4215
4295
4373
4398
4434
4488
4545
4596
4683
4705
4764
4807
4838
4894
4910
4983
5057
5087
5097
5196
5223
5314
5321
5391
5422
5442
5484
22
89
126
219
317
342
354
414
486
569
609
612
672
732
824
858
936
938
970
1060
1088
1149
1156
1191
1232
1303
1395
1484
1501
1531
1602
1693
1741
1748
1831
1876
1907
2002
2058
2113
2190
2237
2246
2334
2392
2492
2513
2548
2601
2605
2681
2761
2777
2859
2925
2982
2987
2997
3094
3167
3258
3325
3388
3426
3452
3550
3632
3640
3732
3821
3883
3903
3938
3960
4020
4112
4133
4213
4291
4316
4352
4406
4463
4514
4601
4623
4682
4725
4756
4812
4828
4901
4975
5005
5015
5114
5141
5232
5239
5309
5340
5360
5402
67
104
197
295
320
332
392
464
547
587
590
650
710
802
836
914
916
948
1038
1066
1127
1134
1169
1210
1281
1373
1462
1479
1509
1580
1671
1719
1726
1809
1854
1885
1980
2036
2091
2168
2215
2224
2312
2370
2470
2491
2526
2579
2583
2659
2739
2755
2837
2903
2960
2965
2975
3072
3145
3236
3303
3366
3404
3430
3528
3610
3618
3710
3799
3861
3881
3916
3938
3998
4090
4111
4191
4269
4294
4330
4384
4441
4492
4579
4601
4660
4703
4734
4790
4806
4879
4953
4983
4993
5092
5119
5210
5217
5287
5318
5338
5380
37
130
228
253
265
325
397
480
520
523
583
643
735
769
847
849
881
971
999
1060
1067
1102
1143
1214
1306
1395
1412
1442
1513
1604
1652
1659
1742
1787
1818
1913
1969
2024
2101
2148
2157
2245
2303
2403
2424
2459
2512
2516
2592
2672
2688
2770
2836
2893
2898
2908
3005
3078
3169
3236
3299
3337
3363
3461
3543
3551
3643
3732
3794
3814
3849
3871
3931
4023
4044
4124
4202
4227
4263
4317
4374
4425
4512
4534
4593
4636
4667
4723
4739
4812
4886
4916
4926
5025
5052
5143
5150
5220
5251
5271
5313
93
191
216
228
288
360
443
483
486
546
606
698
732
810
812
844
934
962
1023
1030
1065
1106
1177
1269
1358
1375
1405
1476
1567
1615
1622
1705
1750
1781
1876
1932
1987
2064
2111
2120
2208
2266
2366
2387
2422
2475
2479
2555
2635
2651
2733
2799
2856
2861
2871
2968
3041
3132
3199
3262
3300
3326
3424
3506
3514
3606
3695
3757
3777
3812
3834
3894
3986
4007
4087
4165
4190
4226
4280
4337
4388
4475
4497
4556
4599
4630
4686
4702
4775
4849
4879
4889
4988
5015
5106
5113
5183
5214
5234
5276
98
123
135
195
267
350
390
393
453
513
605
639
717
719
751
841
869
930
937
972
1013
1084
1176
1265
1282
1312
1383
1474
1522
1529
1612
1657
1688
1783
1839
1894
1971
2018
2027
2115
2173
2273
2294
2329
2382
2386
2462
2542
2558
2640
2706
2763
2768
2778
2875
2948
3039
3106
3169
3207
3233
3331
3413
3421
3513
3602
3664
3684
3719
3741
3801
3893
3914
3994
4072
4097
4133
4187
4244
4295
4382
4404
4463
4506
4537
4593
4609
4682
4756
4786
4796
4895
4922
5013
5020
5090
5121
5141
5183
25
37
97
169
252
292
295
355
415
507
541
619
621
653
743
771
832
839
874
915
986
1078
1167
1184
1214
1285
1376
1424
1431
1514
1559
1590
1685
1741
1796
1873
1920
1929
2017
2075
2175
2196
2231
2284
2288
2364
2444
2460
2542
2608
2665
2670
2680
2777
2850
2941
3008
3071
3109
3135
3233
3315
3323
3415
3504
3566
3586
3621
3643
3703
3795
3816
3896
3974
3999
4035
4089
4146
4197
4284
4306
4365
4408
4439
4495
4511
4584
4658
4688
4698
4797
4824
4915
4922
4992
5023
5043
5085
12
72
144
227
267
270
330
390
482
516
594
596
628
718
746
807
814
849
890
961
1053
1142
1159
1189
1260
1351
1399
1406
1489
1534
1565
1660
1716
1771
1848
1895
1904
1992
2050
2150
2171
2206
2259
2263
2339
2419
2435
2517
2583
2640
2645
2655
2752
2825
2916
2983
3046
3084
3110
3208
3290
3298
3390
3479
3541
3561
3596
3618
3678
3770
3791
3871
3949
3974
4010
4064
4121
4172
4259
4281
4340
4383
4414
4470
4486
4559
4633
4663
4673
4772
4799
4890
4897
4967
4998
5018
5060
60
132
215
255
258
318
378
470
504
582
584
616
706
734
795
802
837
878
949
1041
1130
1147
1177
1248
1339
1387
1394
1477
1522
1553
1648
1704
1759
1836
1883
1892
1980
2038
2138
2159
2194
2247
2251
2327
2407
2423
2505
2571
2628
2633
2643
2740
2813
2904
2971
3034
3072
3098
3196
3278
3286
3378
3467
3529
3549
3584
3606
3666
3758
3779
3859
3937
3962
3998
4052
4109
4160
4247
4269
4328
4371
4402
4458
4474
4547
4621
4651
4661
4760
4787
4878
4885
4955
4986
5006
5048
72
155
195
198
258
318
410
444
522
524
556
646
674
735
742
777
818
889
981
1070
1087
1117
1188
1279
1327
1334
1417
1462
1493
1588
1644
1699
1776
1823
1832
1920
1978
2078
2099
2134
2187
2191
2267
2347
2363
2445
2511
2568
2573
2583
2680
2753
2844
2911
2974
3012
3038
3136
3218
3226
3318
3407
3469
3489
3524
3546
3606
3698
3719
3799
3877
3902
3938
3992
4049
4100
4187
4209
4268
4311
4342
4398
4414
4487
4561
4591
4601
4700
4727
4818
4825
4895
4926
4946
4988
83
123
126
186
246
338
372
450
452
484
574
602
663
670
705
746
817
909
998
1015
1045
1116
1207
1255
1262
1345
1390
1421
1516
1572
1627
1704
1751
1760
1848
1906
2006
2027
2062
2115
2119
2195
2275
2291
2373
2439
2496
2501
2511
2608
2681
2772
2839
2902
2940
2966
3064
3146
3154
3246
3335
3397
3417
3452
3474
3534
3626
3647
3727
3805
3830
3866
3920
3977
4028
4115
4137
4196
4239
4270
4326
4342
4415
4489
4519
4529
4628
4655
4746
4753
4823
4854
4874
4916
40
43
103
163
255
289
367
369
401
491
519
580
587
622
663
734
826
915
932
962
1033
1124
1172
1179
1262
1307
1338
1433
1489
1544
1621
1668
1677
1765
1823
1923
1944
1979
2032
2036
2112
2192
2208
2290
2356
2413
2418
2428
2525
2598
2689
2756
2819
2857
2883
2981
3063
3071
3163
3252
3314
3334
3369
3391
3451
3543
3564
3644
3722
3747
3783
3837
3894
3945
4032
4054
4113
4156
4187
4243
4259
4332
4406
4436
4446
4545
4572
4663
4670
4740
4771
4791
4833
3
63
123
215
249
327
329
361
451
479
540
547
582
623
694
786
875
892
922
993
1084
1132
1139
1222
1267
1298
1393
1449
1504
1581
1628
1637
1725
1783
1883
1904
1939
1992
1996
2072
2152
2168
2250
2316
2373
2378
2388
2485
2558
2649
2716
2779
2817
2843
2941
3023
3031
3123
3212
3274
3294
3329
3351
3411
3503
3524
3604
3682
3707
3743
3797
3854
3905
3992
4014
4073
4116
4147
4203
4219
4292
4366
4396
4406
4505
4532
4623
4630
4700
4731
4751
4793
60
120
212
246
324
326
358
448
476
537
544
579
620
691
783
872
889
919
990
1081
1129
1136
1219
1264
1295
1390
1446
1501
1578
1625
1634
1722
1780
1880
1901
1936
1989
1993
2069
2149
2165
2247
2313
2370
2375
2385
2482
2555
2646
2713
2776
2814
2840
2938
3020
3028
3120
3209
3271
3291
3326
3348
3408
3500
3521
3601
3679
3704
3740
3794
3851
3902
3989
4011
4070
4113
4144
4200
4216
4289
4363
4393
4403
4502
4529
4620
4627
4697
4728
4748
4790
60
152
186
264
266
298
388
416
477
484
519
560
631
723
812
829
859
930
1021
1069
1076
1159
1204
1235
1330
1386
1441
1518
1565
1574
1662
1720
1820
1841
1876
1929
1933
2009
2089
2105
2187
2253
2310
2315
2325
2422
2495
2586
2653
2716
2754
2780
2878
2960
2968
3060
3149
3211
3231
3266
3288
3348
3440
3461
3541
3619
3644
3680
3734
3791
3842
3929
3951
4010
4053
4084
4140
4156
4229
4303
4333
4343
4442
4469
4560
4567
4637
4668
4688
4730
92
126
204
206
238
328
356
417
424
459
500
571
663
752
769
799
870
961
1009
1016
1099
1144
1175
1270
1326
1381
1458
1505
1514
1602
1660
1760
1781
1816
1869
1873
1949
2029
2045
2127
2193
2250
2255
2265
2362
2435
2526
2593
2656
2694
2720
2818
2900
2908
3000
3089
3151
3171
3206
3228
3288
3380
3401
3481
3559
3584
3620
3674
3731
3782
3869
3891
3950
3993
4024
4080
4096
4169
4243
4273
4283
4382
4409
4500
4507
4577
4608
4628
4670
34
112
114
146
236
264
325
332
367
408
479
571
660
677
707
778
869
917
924
1007
1052
1083
1178
1234
1289
1366
1413
1422
1510
1568
1668
1689
1724
1777
1781
1857
1937
1953
2035
2101
2158
2163
2173
2270
2343
2434
2501
2564
2602
2628
2726
2808
2816
2908
2997
3059
3079
3114
3136
3196
3288
3309
3389
3467
3492
3528
3582
3639
3690
3777
3799
3858
3901
3932
3988
4004
4077
4151
4181
4191
4290
4317
4408
4415
4485
4516
4536
4578
78
80
112
202
230
291
298
333
374
445
537
626
643
673
744
835
883
890
973
1018
1049
1144
1200
1255
1332
1379
1388
1476
1534
1634
1655
1690
1743
1747
1823
1903
1919
2001
2067
2124
2129
2139
2236
2309
2400
2467
2530
2568
2594
2692
2774
2782
2874
2963
3025
3045
3080
3102
3162
3254
3275
3355
3433
3458
3494
3548
3605
3656
3743
3765
3824
3867
3898
3954
3970
4043
4117
4147
4157
4256
4283
4374
4381
4451
4482
4502
4544
2
34
124
152
213
220
255
296
367
459
548
565
595
666
757
805
812
895
940
971
1066
1122
1177
1254
1301
1310
1398
1456
1556
1577
1612
1665
1669
1745
1825
1841
1923
1989
2046
2051
2061
2158
2231
2322
2389
2452
2490
2516
2614
2696
2704
2796
2885
2947
2967
3002
3024
3084
3176
3197
3277
3355
3380
3416
3470
3527
3578
3665
3687
3746
3789
3820
3876
3892
3965
4039
4069
4079
4178
4205
4296
4303
4373
4404
4424
4466
32
122
150
211
218
253
294
365
457
546
563
593
664
755
803
810
893
938
969
1064
1120
1175
1252
1299
1308
1396
1454
1554
1575
1610
1663
1667
1743
1823
1839
1921
1987
2044
2049
2059
2156
2229
2320
2387
2450
2488
2514
2612
2694
2702
2794
2883
2945
2965
3000
3022
3082
3174
3195
3275
3353
3378
3414
3468
3525
3576
3663
3685
3744
3787
3818
3874
3890
3963
4037
4067
4077
4176
4203
4294
4301
4371
4402
4422
4464
90
118
179
186
221
262
333
425
514
531
561
632
723
771
778
861
906
937
1032
1088
1143
1220
1267
1276
1364
1422
1522
1543
1578
1631
1635
1711
1791
1807
1889
1955
2012
2017
2027
2124
2197
2288
2355
2418
2456
2482
2580
2662
2670
2762
2851
2913
2933
2968
2990
3050
3142
3163
3243
3321
3346
3382
3436
3493
3544
3631
3653
3712
3755
3786
3842
3858
3931
4005
4035
4045
4144
4171
4262
4269
4339
4370
4390
4432
28
89
96
131
172
243
335
424
441
471
542
633
681
688
771
816
847
942
998
1053
1130
1177
1186
1274
1332
1432
1453
1488
1541
1545
1621
1701
1717
1799
1865
1922
1927
1937
2034
2107
2198
2265
2328
2366
2392
2490
2572
2580
2672
2761
2823
2843
2878
2900
2960
3052
3073
3153
3231
3256
3292
3346
3403
3454
3541
3563
3622
3665
3696
3752
3768
3841
3915
3945
3955
4054
4081
4172
4179
4249
4280
4300
4342
61
68
103
144
215
307
396
413
443
514
605
653
660
743
788
819
914
970
1025
1102
1149
1158
1246
1304
1404
1425
1460
1513
1517
1593
1673
1689
1771
1837
1894
1899
1909
2006
2079
2170
2237
2300
2338
2364
2462
2544
2552
2644
2733
2795
2815
2850
2872
2932
3024
3045
3125
3203
3228
3264
3318
3375
3426
3513
3535
3594
3637
3668
3724
3740
3813
3887
3917
3927
4026
4053
4144
4151
4221
4252
4272
4314
7
42
83
154
246
335
352
382
453
544
592
599
682
727
758
853
909
964
1041
1088
1097
1185
1243
1343
1364
1399
1452
1456
1532
1612
1628
1710
1776
1833
1838
1848
1945
2018
2109
2176
2239
2277
2303
2401
2483
2491
2583
2672
2734
2754
2789
2811
2871
2963
2984
3064
3142
3167
3203
3257
3314
3365
3452
3474
3533
3576
3607
3663
3679
3752
3826
3856
3866
3965
3992
4083
4090
4160
4191
4211
4253
35
76
147
239
328
345
375
446
537
585
592
675
720
751
846
902
957
1034
1081
1090
1178
1236
1336
1357
1392
1445
1449
1525
1605
1621
1703
1769
1826
1831
1841
1938
2011
2102
2169
2232
2270
2296
2394
2476
2484
2576
2665
2727
2747
2782
2804
2864
2956
2977
3057
3135
3160
3196
3250
3307
3358
3445
3467
3526
3569
3600
3656
3672
3745
3819
3849
3859
3958
3985
4076
4083
4153
4184
4204
4246
41
112
204
293
310
340
411
502
550
557
640
685
716
811
867
922
999
1046
1055
1143
1201
1301
1322
1357
1410
1414
1490
1570
1586
1668
1734
1791
1796
1806
1903
1976
2067
2134
2197
2235
2261
2359
2441
2449
2541
2630
2692
2712
2747
2769
2829
2921
2942
3022
3100
3125
3161
3215
3272
3323
3410
3432
3491
3534
3565
3621
3637
3710
3784
3814
3824
3923
3950
4041
4048
4118
4149
4169
4211
71
163
252
269
299
370
461
509
516
599
644
675
770
826
881
958
1005
1014
1102
1160
1260
1281
1316
1369
1373
1449
1529
1545
1627
1693
1750
1755
1765
1862
1935
2026
2093
2156
2194
2220
2318
2400
2408
2500
2589
2651
2671
2706
2728
2788
2880
2901
2981
3059
3084
3120
3174
3231
3282
3369
3391
3450
3493
3524
3580
3596
3669
3743
3773
3783
3882
3909
4000
4007
4077
4108
4128
4170
92
181
198
228
299
390
438
445
528
573
604
699
755
810
887
934
943
1031
1089
1189
1210
1245
1298
1302
1378
1458
1474
1556
1622
1679
1684
1694
1791
1864
1955
2022
2085
2123
2149
2247
2329
2337
2429
2518
2580
2600
2635
2657
2717
2809
2830
2910
2988
3013
3049
3103
3160
3211
3298
3320
3379
3422
3453
3509
3525
3598
3672
3702
3712
3811
3838
3929
3936
4006
4037
4057
4099
89
106
136
207
298
346
353
436
481
512
607
663
718
795
842
851
939
997
1097
1118
1153
1206
1210
1286
1366
1382
1464
1530
1587
1592
1602
1699
1772
1863
1930
1993
2031
2057
2155
2237
2245
2337
2426
2488
2508
2543
2565
2625
2717
2738
2818
2896
2921
2957
3011
3068
3119
3206
3228
3287
3330
3361
3417
3433
3506
3580
3610
3620
3719
3746
3837
3844
3914
3945
3965
4007
17
47
118
209
257
264
347
392
423
518
574
629
706
753
762
850
908
1008
1029
1064
1117
1121
1197
1277
1293
1375
1441
1498
1503
1513
1610
1683
1774
1841
1904
1942
1968
2066
2148
2156
2248
2337
2399
2419
2454
2476
2536
2628
2649
2729
2807
2832
2868
2922
2979
3030
3117
3139
3198
3241
3272
3328
3344
3417
3491
3521
3531
3630
3657
3748
3755
3825
3856
3876
3918
30
101
192
240
247
330
375
406
501
557
612
689
736
745
833
891
991
1012
1047
1100
1104
1180
1260
1276
1358
1424
1481
1486
1496
1593
1666
1757
1824
1887
1925
1951
2049
2131
2139
2231
2320
2382
2402
2437
2459
2519
2611
2632
2712
2790
2815
2851
2905
2962
3013
3100
3122
3181
3224
3255
3311
3327
3400
3474
3504
3514
3613
3640
3731
3738
3808
3839
3859
3901
71
162
210
217
300
345
376
471
527
582
659
706
715
803
861
961
982
1017
1070
1074
1150
1230
1246
1328
1394
1451
1456
1466
1563
1636
1727
1794
1857
1895
1921
2019
2101
2109
2201
2290
2352
2372
2407
2429
2489
2581
2602
2682
2760
2785
2821
2875
2932
2983
3070
3092
3151
3194
3225
3281
3297
3370
3444
3474
3484
3583
3610
3701
3708
3778
3809
3829
3871
91
139
146
229
274
305
400
456
511
588
635
644
732
790
890
911
946
999
1003
1079
1159
1175
1257
1323
1380
1385
1395
1492
1565
1656
1723
1786
1824
1850
1948
2030
2038
2130
2219
2281
2301
2336
2358
2418
2510
2531
2611
2689
2714
2750
2804
2861
2912
2999
3021
3080
3123
3154
3210
3226
3299
3373
3403
3413
3512
3539
3630
3637
3707
3738
3758
3800
48
55
138
183
214
309
365
420
497
544
553
641
699
799
820
855
908
912
988
1068
1084
1166
1232
1289
1294
1304
1401
1474
1565
1632
1695
1733
1759
1857
1939
1947
2039
2128
2190
2210
2245
2267
2327
2419
2440
2520
2598
2623
2659
2713
2770
2821
2908
2930
2989
3032
3063
3119
3135
3208
3282
3312
3322
3421
3448
3539
3546
3616
3647
3667
3709
7
90
135
166
261
317
372
449
496
505
593
651
751
772
807
860
864
940
1020
1036
1118
1184
1241
1246
1256
1353
1426
1517
1584
1647
1685
1711
1809
1891
1899
1991
2080
2142
2162
2197
2219
2279
2371
2392
2472
2550
2575
2611
2665
2722
2773
2860
2882
2941
2984
3015
3071
3087
3160
3234
3264
3274
3373
3400
3491
3498
3568
3599
3619
3661
83
128
159
254
310
365
442
489
498
586
644
744
765
800
853
857
933
1013
1029
1111
1177
1234
1239
1249
1346
1419
1510
1577
1640
1678
1704
1802
1884
1892
1984
2073
2135
2155
2190
2212
2272
2364
2385
2465
2543
2568
2604
2658
2715
2766
2853
2875
2934
2977
3008
3064
3080
3153
3227
3257
3267
3366
3393
3484
3491
3561
3592
3612
3654
45
76
171
227
282
359
406
415
503
561
661
682
717
770
774
850
930
946
1028
1094
1151
1156
1166
1263
1336
1427
1494
1557
1595
1621
1719
1801
1809
1901
1990
2052
2072
2107
2129
2189
2281
2302
2382
2460
2485
2521
2575
2632
2683
2770
2792
2851
2894
2925
2981
2997
3070
3144
3174
3184
3283
3310
3401
3408
3478
3509
3529
3571
31
126
182
237
314
361
370
458
516
616
637
672
725
729
805
885
901
983
1049
1106
1111
1121
1218
1291
1382
1449
1512
1550
1576
1674
1756
1764
1856
1945
2007
2027
2062
2084
2144
2236
2257
2337
2415
2440
2476
2530
2587
2638
2725
2747
2806
2849
2880
2936
2952
3025
3099
3129
3139
3238
3265
3356
3363
3433
3464
3484
3526
95
151
206
283
330
339
427
485
585
606
641
694
698
774
854
870
952
1018
1075
1080
1090
1187
1260
1351
1418
1481
1519
1545
1643
1725
1733
1825
1914
1976
1996
2031
2053
2113
2205
2226
2306
2384
2409
2445
2499
2556
2607
2694
2716
2775
2818
2849
2905
2921
2994
3068
3098
3108
3207
3234
3325
3332
3402
3433
3453
3495
56
111
188
235
244
332
390
490
511
546
599
603
679
759
775
857
923
980
985
995
1092
1165
1256
1323
1386
1424
1450
1548
1630
1638
1730
1819
1881
1901
1936
1958
2018
2110
2131
2211
2289
2314
2350
2404
2461
2512
2599
2621
2680
2723
2754
2810
2826
2899
2973
3003
3013
3112
3139
3230
3237
3307
3338
3358
3400
55
132
179
188
276
334
434
455
490
543
547
623
703
719
801
867
924
929
939
1036
1109
1200
1267
1330
1368
1394
1492
1574
1582
1674
1763
1825
1845
1880
1902
1962
2054
2075
2155
2233
2258
2294
2348
2405
2456
2543
2565
2624
2667
2698
2754
2770
2843
2917
2947
2957
3056
3083
3174
3181
3251
3282
3302
3344
77
124
133
221
279
379
400
435
488
492
568
648
664
746
812
869
874
884
981
1054
1145
1212
1275
1313
1339
1437
1519
1527
1619
1708
1770
1790
1825
1847
1907
1999
2020
2100
2178
2203
2239
2293
2350
2401
2488
2510
2569
2612
2643
2699
2715
2788
2862
2892
2902
3001
3028
3119
3126
3196
3227
3247
3289
47
56
144
202
302
323
358
411
415
491
571
587
669
735
792
797
807
904
977
1068
1135
1198
1236
1262
1360
1442
1450
1542
1631
1693
1713
1748
1770
1830
1922
1943
2023
2101
2126
2162
2216
2273
2324
2411
2433
2492
2535
2566
2622
2638
2711
2785
2815
2825
2924
2951
3042
3049
3119
3150
3170
3212
9
97
155
255
276
311
364
368
444
524
540
622
688
745
750
760
857
930
1021
1088
1151
1189
1215
1313
1395
1403
1495
1584
1646
1666
1701
1723
1783
1875
1896
1976
2054
2079
2115
2169
2226
2277
2364
2386
2445
2488
2519
2575
2591
2664
2738
2768
2778
2877
2904
2995
3002
3072
3103
3123
3165
88
146
246
267
302
355
359
435
515
531
613
679
736
741
751
848
921
1012
1079
1142
1180
1206
1304
1386
1394
1486
1575
1637
1657
1692
1714
1774
1866
1887
1967
2045
2070
2106
2160
2217
2268
2355
2377
2436
2479
2510
2566
2582
2655
2729
2759
2769
2868
2895
2986
2993
3063
3094
3114
3156
58
158
179
214
267
271
347
427
443
525
591
648
653
663
760
833
924
991
1054
1092
1118
1216
1298
1306
1398
1487
1549
1569
1604
1626
1686
1778
1799
1879
1957
1982
2018
2072
2129
2180
2267
2289
2348
2391
2422
2478
2494
2567
2641
2671
2681
2780
2807
2898
2905
2975
3006
3026
3068
100
121
156
209
213
289
369
385
467
533
590
595
605
702
775
866
933
996
1034
1060
1158
1240
1248
1340
1429
1491
1511
1546
1568
1628
1720
1741
1821
1899
1924
1960
2014
2071
2122
2209
2231
2290
2333
2364
2420
2436
2509
2583
2613
2623
2722
2749
2840
2847
2917
2948
2968
3010
21
56
109
113
189
269
285
367
433
490
495
505
602
675
766
833
896
934
960
1058
1140
1148
1240
1329
1391
1411
1446
1468
1528
1620
1641
1721
1799
1824
1860
1914
1971
2022
2109
2131
2190
2233
2264
2320
2336
2409
2483
2513
2523
2622
2649
2740
2747
2817
2848
2868
2910
35
88
92
168
248
264
346
412
469
474
484
581
654
745
812
875
913
939
1037
1119
1127
1219
1308
1370
1390
1425
1447
1507
1599
1620
1700
1778
1803
1839
1893
1950
2001
2088
2110
2169
2212
2243
2299
2315
2388
2462
2492
2502
2601
2628
2719
2726
2796
2827
2847
2889
53
57
133
213
229
311
377
434
439
449
546
619
710
777
840
878
904
1002
1084
1092
1184
1273
1335
1355
1390
1412
1472
1564
1585
1665
1743
1768
1804
1858
1915
1966
2053
2075
2134
2177
2208
2264
2280
2353
2427
2457
2467
2566
2593
2684
2691
2761
2792
2812
2854
4
80
160
176
258
324
381
386
396
493
566
657
724
787
825
851
949
1031
1039
1131
1220
1282
1302
1337
1359
1419
1511
1532
1612
1690
1715
1751
1805
1862
1913
2000
2022
2081
2124
2155
2211
2227
2300
2374
2404
2414
2513
2540
2631
2638
2708
2739
2759
2801
76
156
172
254
320
377
382
392
489
562
653
720
783
821
847
945
1027
1035
1127
1216
1278
1298
1333
1355
1415
1507
1528
1608
1686
1711
1747
1801
1858
1909
1996
2018
2077
2120
2151
2207
2223
2296
2370
2400
2410
2509
2536
2627
2634
2704
2735
2755
2797
80
96
178
244
301
306
316
413
486
577
644
707
745
771
869
951
959
1051
1140
1202
1222
1257
1279
1339
1431
1452
1532
1610
1635
1671
1725
1782
1833
1920
1942
2001
2044
2075
2131
2147
2220
2294
2324
2334
2433
2460
2551
2558
2628
2659
2679
2721
16
98
164
221
226
236
333
406
497
564
627
665
691
789
871
879
971
1060
1122
1142
1177
1199
1259
1351
1372
1452
1530
1555
1591
1645
1702
1753
1840
1862
1921
1964
1995
2051
2067
2140
2214
2244
2254
2353
2380
2471
2478
2548
2579
2599
2641
82
148
205
210
220
317
390
481
548
611
649
675
773
855
863
955
1044
1106
1126
1161
1183
1243
1335
1356
1436
1514
1539
1575
1629
1686
1737
1824
1846
1905
1948
1979
2035
2051
2124
2198
2228
2238
2337
2364
2455
2462
2532
2563
2583
2625
66
123
128
138
235
308
399
466
529
567
593
691
773
781
873
962
1024
1044
1079
1101
1161
1253
1274
1354
1432
1457
1493
1547
1604
1655
1742
1764
1823
1866
1897
1953
1969
2042
2116
2146
2156
2255
2282
2373
2380
2450
2481
2501
2543
57
62
72
169
242
333
400
463
501
527
625
707
715
807
896
958
978
1013
1035
1095
1187
1208
1288
1366
1391
1427
1481
1538
1589
1676
1698
1757
1800
1831
1887
1903
1976
2050
2080
2090
2189
2216
2307
2314
2384
2415
2435
2477
5
15
112
185
276
343
406
444
470
568
650
658
750
839
901
921
956
978
1038
1130
1151
1231
1309
1334
1370
1424
1481
1532
1619
1641
1700
1743
1774
1830
1846
1919
1993
2023
2033
2132
2159
2250
2257
2327
2358
2378
2420
10
107
180
271
338
401
439
465
563
645
653
745
834
896
916
951
973
1033
1125
1146
1226
1304
1329
1365
1419
1476
1527
1614
1636
1695
1738
1769
1825
1841
1914
1988
2018
2028
2127
2154
2245
2252
2322
2353
2373
2415
97
170
261
328
391
429
455
553
635
643
735
824
886
906
941
963
1023
1115
1136
1216
1294
1319
1355
1409
1466
1517
1604
1626
1685
1728
1759
1815
1831
1904
1978
2008
2018
2117
2144
2235
2242
2312
2343
2363
2405
73
164
231
294
332
358
456
538
546
638
727
789
809
844
866
926
1018
1039
1119
1197
1222
1258
1312
1369
1420
1507
1529
1588
1631
1662
1718
1734
1807
1881
1911
1921
2020
2047
2138
2145
2215
2246
2266
2308
91
158
221
259
285
383
465
473
565
654
716
736
771
793
853
945
966
1046
1124
1149
1185
1239
1296
1347
1434
1456
1515
1558
1589
1645
1661
1734
1808
1838
1848
1947
1974
2065
2072
2142
2173
2193
2235
67
130
168
194
292
374
382
474
563
625
645
680
702
762
854
875
955
1033
1058
1094
1148
1205
1256
1343
1365
1424
1467
1498
1554
1570
1643
1717
1747
1757
1856
1883
1974
1981
2051
2082
2102
2144
63
101
127
225
307
315
407
496
558
578
613
635
695
787
808
888
966
991
1027
1081
1138
1189
1276
1298
1357
1400
1431
1487
1503
1576
1650
1680
1690
1789
1816
1907
1914
1984
2015
2035
2077
38
64
162
244
252
344
433
495
515
550
572
632
724
745
825
903
928
964
1018
1075
1126
1213
1235
1294
1337
1368
1424
1440
1513
1587
1617
1627
1726
1753
1844
1851
1921
1952
1972
2014
26
124
206
214
306
395
457
477
512
534
594
686
707
787
865
890
926
980
1037
1088
1175
1197
1256
1299
1330
1386
1402
1475
1549
1579
1589
1688
1715
1806
1813
1883
1914
1934
1976
98
180
188
280
369
431
451
486
508
568
660
681
761
839
864
900
954
1011
1062
1149
1171
1230
1273
1304
1360
1376
1449
1523
1553
1563
1662
1689
1780
1787
1857
1888
1908
1950
82
90
182
271
333
353
388
410
470
562
583
663
741
766
802
856
913
964
1051
1073
1132
1175
1206
1262
1278
1351
1425
1455
1465
1564
1591
1682
1689
1759
1790
1810
1852
8
100
189
251
271
306
328
388
480
501
581
659
684
720
774
831
882
969
991
1050
1093
1124
1180
1196
1269
1343
1373
1383
1482
1509
1600
1607
1677
1708
1728
1770
92
181
243
263
298
320
380
472
493
573
651
676
712
766
823
874
961
983
1042
1085
1116
1172
1188
1261
1335
1365
1375
1474
1501
1592
1599
1669
1700
1720
1762
89
151
171
206
228
288
380
401
481
559
584
620
674
731
782
869
891
950
993
1024
1080
1096
1169
1243
1273
1283
1382
1409
1500
1507
1577
1608
1628
1670
62
82
117
139
199
291
312
392
470
495
531
585
642
693
780
802
861
904
935
991
1007
1080
1154
1184
1194
1293
1320
1411
1418
1488
1519
1539
1581
20
55
77
137
229
250
330
408
433
469
523
580
631
718
740
799
842
873
929
945
1018
1092
1122
1132
1231
1258
1349
1356
1426
1457
1477
1519
35
57
117
209
230
310
388
413
449
503
560
611
698
720
779
822
853
909
925
998
1072
1102
1112
1211
1238
1329
1336
1406
1437
1457
1499
22
82
174
195
275
353
378
414
468
525
576
663
685
744
787
818
874
890
963
1037
1067
1077
1176
1203
1294
1301
1371
1402
1422
1464
60
152
173
253
331
356
392
446
503
554
641
663
722
765
796
852
868
941
1015
1045
1055
1154
1181
1272
1279
1349
1380
1400
1442
92
113
193
271
296
332
386
443
494
581
603
662
705
736
792
808
881
955
985
995
1094
1121
1212
1219
1289
1320
1340
1382
21
101
179
204
240
294
351
402
489
511
570
613
644
700
716
789
863
893
903
1002
1029
1120
1127
1197
1228
1248
1290
80
158
183
219
273
330
381
468
490
549
592
623
679
695
768
842
872
882
981
1008
1099
1106
1176
1207
1227
1269
78
103
139
193
250
301
388
410
469
512
543
599
615
688
762
792
802
901
928
1019
1026
1096
1127
1147
1189
25
61
115
172
223
310
332
391
434
465
521
537
610
684
714
724
823
850
941
948
1018
1049
1069
1111
36
90
147
198
285
307
366
409
440
496
512
585
659
689
699
798
825
916
923
993
1024
1044
1086
54
111
162
249
271
330
373
404
460
476
549
623
653
663
762
789
880
887
957
988
1008
1050
57
108
195
217
276
319
350
406
422
495
569
599
609
708
735
826
833
903
934
954
996
51
138
160
219
262
293
349
365
438
512
542
552
651
678
769
776
846
877
897
939
87
109
168
211
242
298
314
387
461
491
501
600
627
718
725
795
826
846
888
22
81
124
155
211
227
300
374
404
414
513
540
631
638
708
739
759
801
59
102
133
189
205
278
352
382
392
491
518
609
616
686
717
737
779
43
74
130
146
219
293
323
333
432
459
550
557
627
658
678
720
31
87
103
176
250
280
290
389
416
507
514
584
615
635
677
56
72
145
219
249
259
358
385
476
483
553
584
604
646
16
89
163
193
203
302
329
420
427
497
528
548
590
73
147
177
187
286
313
404
411
481
512
532
574
74
104
114
213
240
331
338
408
439
459
501
30
40
139
166
257
264
334
365
385
427
10
109
136
227
234
304
335
355
397
99
126
217
224
294
325
345
387
27
118
125
195
226
246
288
91
98
168
199
219
261
7
77
108
128
170
70
101
121
163
31
51
93
20
62
42
